intrinsic:
640.1855850249857 0.0 631.9691431669099 
0.0 642.0477359857438 383.43784978786937 
0.0 0.0 1.0 
distortion:
-0.03905177228108539 0.034696942379427616 0.004693417215999695 -0.000577017976239005 0.001073042859845966 
