intrinsic:
586.7937697640862 0.0 655.5825263140003 
0.0 585.5241554532367 373.75119028552734 
0.0 0.0 1.0 
distortion:
-0.08064403256794349 0.07210176447668147 0.002817629230372404 0.0022496253330358115 -0.02868157472085969 
