intrinsic:
698.3407723735872 0.0 642.1075914608068 
0.0 701.041386637029 373.9264106269592 
0.0 0.0 1.0 
distortion:
-0.051875652817203965 0.17217221523559884 0.005225577161394617 -0.0009689130542196008 -0.21709532100195453 
