intrinsic:
573.6207705501619 0.0 650.5965297430846 
0.0 572.9962770617069 368.1478312185835 
0.0 0.0 1.0 
distortion:
-0.08341655314803893 0.06559873057374825 0.0017738106033601511 -0.0013118804843677773 -0.019119785432287015 
